00000000000000000000000000000000
00000000000000000000000000000000
00000000000000000000000000000000
00000000000000000000000000000000
00000000000000000000000000000000
00000000000000000000000000000000
00000000000000000000000000000000
00000000000111000011100000000000
00000000001111100111110000000000
00000000001111111111110000000000
00000000001111111111110000000000
00000000001000000000010000000000
00000000010000000000001000000000
00000000010100000000101000000000
00000000010010000001001000000000
00000000010000111100001000000000
00000000010001111110001000000000
00000000001001111110010000000000
00000000010111111111101000000000
00000000011000000000011000000000
00000000000110000001100000000000
00000000000001011010000000000000
00000000000001100110000000000000
00000000000000000000000000000000
00000000000000000000000000000000
00000000000000000000000000000000
00000000000000000000000000000000
00000000000000000000000000000000
00000000000000000000000000000000
00000000000000000000000000000000

