00001111100000000000000111110000
00011111110000000000001111111000
00111111111000000000011111111100
00111111111100000000111111111100
00111111111100000000111111111100
00111111111111111111111111111100
00011111111111111111111111111000
00001111111111111111111111110000
00001111111111111111111111110000
00011111111111111111111111111000
00011111111111111111111111111000
00111111111111111111111111111100
00100000000000000000000000000100
01000011111100000000111111000010
01000100110110000001101100100010
10001001110111000011101110010001
10001001111111000011111110010001
10001001111111000011111110010001
10001001111111000011111110010001
10000100111110111101111100100001
10000011111100111100111111000001
10000000000000111100000000000001
01000000000000111100000000000010
01001110000000111100000000000010
00110001000000111100000000000100
00010000100000011000000000011000
00010000010000000000000111100000
00001000001111111111111010000000
00000110000000000000000001000000
00000000000000000000000000000000

