00000000000000000000000000000000
00000000000000000000000000000000
00000000000000000000000000000000
00000000000000000000000000000000
00000000000000000000000000000000
00000000000000000000000000000000
00000000000000000000000000000000
00000000000000000000000000000000
00000000000011100001110000000000
00000000000111110011111000000000
00000000000111111111111000000000
00000000000111111111111000000000
00000000000100000000001000000000
00000000001011100011100100000000
00000000001011010011010100000000
00000000001011010011010100000000
00000000001011100011100100000000
00000000000100001100001000000000
00000000000011111111110000000000
00000000000001000000100000000000
00000000000010100001010000000000
00000000000011101101110000000000
00000000000000110011000000000000
00000000000000000000000000000000
00000000000000000000000000000000
00000000000000000000000000000000
00000000000000000000000000000000
00000000000000000000000000000000
00000000000000000000000000000000
00000000000000000000000000000000

