00000000000000000000000000000000
00000000000000000000000000000000
00000000000000000000000000000000
00000000000000000000000000000000
00000000000000000000000000000000
00000000000000000000000000000000
00000000000000000000000000000000
00000000000111000011100000000000
00000000001111100111110000000000
00000000001111111111110000000000
00000000001111111111110000000000
00000000001000000000010000000000
00000000010111000111001000000000
00000000010110100110101000000000
00000000010110100110101000000000
00000000010111000111001000000000
00000000001000011000010000000000
00000000000111111111100000000000
00000000000010000001000000000000
00000000000101000010100000000000
00000000000111000011100000000000
00000000000001011010000000000000
00000000000001100110000000000000
00000000000000000000000000000000
00000000000000000000000000000000
00000000000000000000000000000000
00000000000000000000000000000000
00000000000000000000000000000000
00000000000000000000000000000000
00000000000000000000000000000000

