00000000000000000000000000000000
00000000000000000000000000000000
00000000000000000000000000000000
00000000000000000000000000000000
00000000000000000000000000000000
00000000000000000000000000000000
00000000000000000000000000000000
00000000000000000000000000000000
00000000001110000001110000000000
00000000011111000011111000000000
00000000011111111111111000000000
00000000001111111111110000000000
00000000001000000000010000000000
00000000010011000011001000000000
00000000010100100100101000000000
00000000010000011000001000000000
00000000001000011000010000000000
00000000010111111111101000000000
00000000011000000000011000000000
00000000000110000001100000000000
00000000000010000001000000000000
00000000000100111100100000000000
00000000000111000011100000000000
00000000000000000000000000000000
00000000000000000000000000000000
00000000000000000000000000000000
00000000000000000000000000000000
00000000000000000000000000000000
00000000000000000000000000000000
00000000000000000000000000000000

