00000000000000000000000000000000
00000000000000000000000000000000
00000000000000000000000000000000
00000000000000000000000000000000
00000000000000000000000000000000
00000000000000000000000000000000
00000000000000000000000000000000
00000000000000000000000000000000
00000000000111000011100000000000
00000000001111100111110000000000
00000000001111111111110000000000
00000000001111111111110000000000
00000000001000000000010000000000
00000000010000000000001000000000
00000000010001000010001000000000
00000000010010000001001000000000
00000000010000011000001000000000
00000000001000111100010000000000
00000000000111111111100000000000
00000000000010000001000000000000
00000000000101000010100000000000
00000000000111000011100000000000
00000000000001011010000000000000
00000000000001100110000000000000
00000000000000000000000000000000
00000000000000000000000000000000
00000000000000000000000000000000
00000000000000000000000000000000
00000000000000000000000000000000
00000000000000000000000000000000

